chrom	pos	ref_base	A_count	G_count	C_count	T_count	N_count	A_qual_avg	G_qual_avg	C_qual_avg	T_qual_avg	N_qual_avg		read_count_insertion	read_count_deletion	prop_reads_insertion	prop_reads_deletion
C10000035	4	A	1	0	0	0	0	34.0	0	0	0	0	0	0	0.0	0.0
C10000035	5	A	2	0	0	0	0	34.0	0	0	0	0	0	0	0.0	0.0
C10000035	6	T	0	0	0	2	0	0	0	0	32.5	0	0	0	0.0	0.0
C10000035	7	C	0	0	3	0	0	0	0	34.0	0	0	0	0	0.0	0.0
C10000035	8	T	0	0	0	4	0	0	0	0	33.75	0	0	0	0.0	0.0
C10000035	9	C	0	0	4	0	0	0	0	34.25	0	0	0	0	0.0	0.0
C10000035	10	C	0	0	4	0	0	0	0	35.75	0	0	0	0	0.0	0.0
C10000035	11	C	0	0	4	0	0	0	0	37.0	0	0	0	0	0.0	0.0
C10000035	12	C	0	0	4	0	0	0	0	35.75	0	0	0	0	0.0	0.0
C10000035	13	C	1	0	4	0	0	35.0	0	37.25	0	0	0	0	0.0	0.0
C10000035	14	C	0	0	6	0	0	0	0	36.333	0	0	0	0	0.0	0.0
C10000035	15	C	0	0	7	0	0	0	0	34.714	0	0	0	0	0.0	0.0
C10000035	16	A	4	3	0	0	0	36.75	36.0	0	0	0	0	0	0.0	0.0
C10000035	17	C	0	0	7	0	0	0	0	37.714	0	0	0	0	0.0	0.0
C10000035	18	C	0	0	8	0	0	0	0	37.25	0	0	0	0	0.0	0.0
C10000035	19	A	9	0	0	0	0	36.556	0	0	0	0	0	0	0.0	0.0
C10000035	20	C	0	0	9	0	0	0	0	37.111	0	0	0	0	0.0	0.0
C10000035	21	G	0	10	0	0	0	0	36.6	0	0	0	0	0	0.0	0.0
C10000035	22	C	0	0	10	0	0	0	0	37.5	0	0	0	0	0.0	0.0
C10000035	23	T	0	0	0	11	0	0	0	0	37.364	0	0	0	0.0	0.0
C10000035	24	C	0	0	12	0	0	0	0	37.75	0	0	0	0	0.0	0.0
C10000035	25	C	0	0	13	0	0	0	0	37.615	0	0	0	0	0.0	0.0
C10000035	26	T	0	0	0	14	0	0	0	0	37.286	0	0	0	0.0	0.0
C10000035	27	C	0	0	14	0	0	0	0	37.643	0	0	0	0	0.0	0.0
C10000035	28	A	15	0	0	0	0	37.467	0	0	0	0	0	0	0.0	0.0
C10000035	29	C	0	0	15	0	0	0	0	38.6	0	0	0	0	0.0	0.0
C10000035	30	C	0	0	16	0	0	0	0	38.063	0	0	0	0	0.0	0.0
C10000035	31	T	0	0	0	16	0	0	0	0	37.938	0	0	0	0.0	0.0
C10000035	32	C	0	0	16	0	0	0	0	38.938	0	0	0	0	0.0	0.0
C10000035	33	C	0	0	16	0	0	0	0	39.188	0	0	0	0	0.0	0.0
C10000035	34	T	0	0	0	17	0	0	0	0	38.529	0	0	0	0.0	0.0
C10000035	35	G	0	17	0	0	0	0	38.471	0	0	0	0	0	0.0	0.0
C10000035	36	C	0	0	18	0	0	0	0	38.611	0	0	0	0	0.0	0.0
C10000035	37	T	0	0	0	19	0	0	0	0	38.421	0	0	0	0.0	0.0
C10000035	38	C	0	0	19	0	0	0	0	39.0	0	0	0	0	0.0	0.0
C10000035	39	T	0	0	0	20	0	0	0	0	38.5	0	0	0	0.0	0.0
C10000035	40	G	0	21	0	0	0	0	38.0	0	0	0	0	0	0.0	0.0
C10000035	41	C	0	0	22	0	0	0	0	37.682	0	0	0	0	0.0	0.0
C10000035	42	C	0	0	23	0	0	0	0	38.13	0	0	0	0	0.0	0.0
C10000035	43	T	0	0	0	23	0	0	0	0	37.957	0	0	0	0.0	0.0
C10000035	44	G	0	23	0	0	0	0	37.739	0	0	0	0	0	0.0	0.0
C10000035	45	C	0	0	24	0	0	0	0	38.667	0	0	0	0	0.0	0.0
C10000035	46	G	0	25	0	0	0	0	37.56	0	0	0	0	0	0.0	0.0
C10000035	47	C	0	0	25	0	0	0	0	38.44	0	0	0	0	0.0	0.0
C10000035	48	C	0	0	25	0	0	0	0	38.84	0	0	0	0	0.0	0.0
C10000035	49	C	0	0	26	0	0	0	0	38.308	0	0	0	0	0.0	0.0
C10000035	50	T	0	0	0	27	0	0	0	0	37.556	0	0	0	0.0	0.0
C10000035	51	C	0	0	27	0	0	0	0	37.407	0	0	0	0	0.0	0.0
C10000035	52	C	0	0	28	0	0	0	0	38.107	0	0	0	0	0.0	0.0
C10000035	53	T	0	0	0	28	0	0	0	0	37.357	0	0	0	0.0	0.0
C10000035	54	C	0	0	29	0	0	0	0	38.69	0	0	0	0	0.0	0.0
C10000035	55	C	0	0	30	0	0	0	0	37.467	0	0	0	0	0.0	0.0
C10000035	56	T	0	1	0	30	0	0	2.0	0	37.667	0	0	0	0.0	0.0
C10000035	57	G	0	31	0	0	0	0	35.71	0	0	0	0	0	0.0	0.0
C10000035	58	G	0	32	0	0	0	0	37.125	0	0	0	0	0	0.0	0.0
C10000035	59	C	0	0	32	0	0	0	0	37.375	0	0	0	0	0.0	0.0
C10000035	60	C	0	0	32	0	0	0	0	38.188	0	0	0	0	0.0	0.0
C10000035	61	G	0	32	0	0	0	0	37.156	0	0	0	0	0	0.0	0.0
C10000035	62	C	0	0	22	10	0	0	0	36.5	36.6	0	0	0	0.0	0.0
C10000035	63	C	0	0	33	0	0	0	0	36.758	0	0	0	0	0.0	0.0
C10000035	64	T	0	0	0	34	0	0	0	0	36.853	0	0	0	0.0	0.0
C10000035	65	G	0	34	0	0	0	0	36.118	0	0	0	0	0	0.0	0.0
C10000035	66	C	0	0	34	0	0	0	0	37.088	0	0	0	0	0.0	0.0
C10000035	67	C	0	0	34	0	0	0	0	37.176	0	0	0	0	0.0	0.0
C10000035	68	T	0	0	0	34	0	0	0	0	37.206	0	0	0	0.0	0.0
C10000035	69	G	0	35	0	0	0	0	36.171	0	0	0	0	0	0.0	0.0
C10000035	70	G	0	36	0	0	0	0	34.722	0	0	0	0	0	0.0	0.0
C10000035	71	T	0	0	0	36	0	0	0	0	33.778	0	0	0	0.0	0.0
C10000035	72	G	0	37	0	0	0	0	35.595	0	0	0	0	0	0.0	0.0
C10000035	73	C	0	0	38	0	0	0	0	36.237	0	0	0	0	0.0	0.0
C10000035	74	T	0	1	0	39	0	0	2.0	0	36.128	0	0	0	0.0	0.0
C10000035	75	G	0	40	0	0	0	0	35.475	0	0	0	0	0	0.0	0.0
C10000035	76	G	0	41	0	0	0	0	34.098	0	0	0	0	0	0.0	0.0
C10000035	77	A	41	1	1	0	0	33.39	2.0	2.0	0	0	0	0	0.0	0.0
C10000035	78	G	0	43	0	0	0	0	32.256	0	0	0	0	0	0.0	0.0
C10000035	79	C	0	0	44	0	0	0	0	32.682	0	0	0	0	0.0	0.0
C10000035	80	T	0	4	0	41	0	0	2.0	0	34.439	0	0	0	0.0	0.0
C10000035	81	G	0	46	0	0	0	0	31.848	0	0	0	0	0	0.0	0.0
C10000035	82	G	0	42	5	0	0	0	34.762	2.0	0	0	0	0	0.0	0.0
C10000035	83	C	0	0	49	0	0	0	0	33.327	0	0	0	0	0.0	0.0
C10000035	84	C	0	0	50	0	0	0	0	32.16	0	0	0	0	0.0	0.0
C10000035	85	G	0	44	7	0	0	0	35.136	8.714	0	0	0	0	0.0	0.0
C10000035	86	C	0	0	52	0	0	0	0	33.519	0	0	0	0	0.0	0.0
C10000035	87	C	0	0	53	0	0	0	0	32.811	0	0	0	0	0.0	0.0
C10000035	88	T	0	0	0	54	0	0	0	0	32.074	0	0	0	0.0	0.0
C10000035	89	G	0	54	0	0	0	0	32.296	0	0	0	0	0	0.0	0.0
C10000035	90	C	0	0	55	0	0	0	0	33.873	0	0	0	0	0.0	0.0
C10000035	91	C	0	0	36	20	0	0	0	34.5	32.35	0	0	0	0.0	0.0
C10000035	92	G	0	57	0	0	0	0	31.825	0	0	0	0	0	0.0	0.0
C10000035	93	C	0	0	57	0	0	0	0	32.684	0	0	0	0	0.0	0.0
C10000035	94	T	0	0	0	58	0	0	0	0	31.466	0	0	0	0.0	0.0
C10000035	95	C	0	0	58	0	0	0	0	34.586	0	0	0	0	0.0	0.0
C10000035	96	C	0	0	58	0	0	0	0	34.776	0	0	0	0	0.0	0.0
C10000035	97	C	0	0	59	0	0	0	0	34.847	0	0	0	0	0.0	0.0
C10000035	98	G	0	59	0	0	0	0	32.966	0	0	0	0	0	0.0	0.0
C10000035	99	C	0	0	60	0	0	0	0	34.05	0	0	0	0	0.0	0.0
C10000035	100	C	0	0	60	0	0	0	0	34.6	0	0	0	0	0.0	0.0
C10000035	101	C	0	0	60	0	0	0	0	35.25	0	0	0	0	0.0	0.0
C10000035	102	C	0	0	60	0	0	0	0	34.833	0	0	0	0	0.0	0.0
C10000035	103	C	0	0	62	0	0	0	0	35.306	0	0	0	0	0.0	0.0
